{
 "cells": [
  {
   "cell_type": "code",
   "execution_count": 1,
   "metadata": {},
   "outputs": [],
   "source": [
    "import os\n",
    "from PIL import Image"
   ]
  },
  {
   "cell_type": "code",
   "execution_count": 2,
   "metadata": {},
   "outputs": [],
   "source": [
    "os.chdir('D:\\SmartCity')"
   ]
  },
  {
   "cell_type": "markdown",
   "metadata": {},
   "source": [
    "# 大图"
   ]
  },
  {
   "cell_type": "code",
   "execution_count": 8,
   "metadata": {},
   "outputs": [],
   "source": [
    "datasets = os.listdir(dataset)\n",
    "outpath='D:\\\\newSmartCity'\n",
    "if not os.path.isdir(outpath):\n",
    "    os.mkdir(outpath)\n",
    "for i in datasets:\n",
    "    pre_name = i.split('_')[0]+'_'+ i.split('_')[-1]\n",
    "    sub_data=os.path.join(dataset,i)\n",
    "    if not os.path.isdir(os.path.join(outpath,i.split('_')[0])):  \n",
    "        os.mkdir(os.path.join(outpath,i.split('_')[0]))\n",
    "    for j in os.listdir(sub_data):\n",
    "        if os.path.isdir(os.path.join(sub_data,j)):\n",
    "            im=Image.open(os.path.join(sub_data,j,'origin_1 Panorama.jpg'))\n",
    "            newname = os.path.join(outpath,i.split('_')[0],j+'_pano.jpg')\n",
    "            if not os.path.isdir(os.path.join(outpath,i.split('_')[0])):  \n",
    "                os.mkdir(os.path.join(outpath,i.split('_')[0]))\n",
    "            im.save(newname)"
   ]
  },
  {
   "cell_type": "markdown",
   "metadata": {},
   "source": [
    "# 小图"
   ]
  },
  {
   "cell_type": "code",
   "execution_count": 8,
   "metadata": {},
   "outputs": [],
   "source": [
    "dataset = 'D:\\SmartCity'\n",
    "datasets = os.listdir(dataset)\n",
    "outpath='D:\\\\subSmartCity'\n",
    "if not os.path.isdir(outpath):\n",
    "    os.mkdir(outpath)\n",
    "for i in datasets:\n",
    "    pre_name = i.split('_')[0]+'_'+ i.split('_')[-1]\n",
    "    sub_data=os.path.join(dataset,i)\n",
    "    if not os.path.isdir(os.path.join(outpath,i.split('_')[0])):  \n",
    "        os.mkdir(os.path.join(outpath,i.split('_')[0]))\n",
    "    for j in os.listdir(sub_data):\n",
    "        if os.path.isdir(os.path.join(sub_data,j)):\n",
    "            im=Image.open(os.path.join(sub_data,j,'origin_1 Panorama.jpg'))\n",
    "            im = im.resize((3788, 1509),Image.ANTIALIAS)\n",
    "            newname = os.path.join(outpath,i.split('_')[0],j+'_pano.jpg')\n",
    "            if not os.path.isdir(os.path.join(outpath,i.split('_')[0])):  \n",
    "                os.mkdir(os.path.join(outpath,i.split('_')[0]))\n",
    "            im.save(newname)"
   ]
  },
  {
   "cell_type": "code",
   "execution_count": 1,
   "metadata": {},
   "outputs": [],
   "source": [
    "import json\n",
    "import csv"
   ]
  },
  {
   "cell_type": "code",
   "execution_count": 2,
   "metadata": {},
   "outputs": [],
   "source": [
    "import numpy\n",
    "import numpy as np\n",
    "import math\n",
    "\n",
    "def quaternion_matrix(quaternion):\n",
    "    # Return homogeneous rotation matrix from quaternion.\n",
    "    q = numpy.array(quaternion, dtype=numpy.float64, copy=True)\n",
    "    n = numpy.dot(q, q)\n",
    "    if n < _EPS:\n",
    "        return numpy.identity(4)\n",
    "    q *= math.sqrt(2.0 / n)\n",
    "    q = numpy.outer(q, q)\n",
    "    return numpy.array([\n",
    "        [1.0-q[2, 2]-q[3, 3],     q[1, 2]-q[3, 0],     q[1, 3]+q[2, 0], 0.0],\n",
    "        [    q[1, 2]+q[3, 0], 1.0-q[1, 1]-q[3, 3],     q[2, 3]-q[1, 0], 0.0],\n",
    "        [    q[1, 3]-q[2, 0],     q[2, 3]+q[1, 0], 1.0-q[1, 1]-q[2, 2], 0.0],\n",
    "        [                0.0,                 0.0,                 0.0, 1.0]])\n",
    "\n",
    "def affine_matrix_from_points(v0, v1, shear=True, scale=True, usesvd=True):\n",
    "    v0 = numpy.array(v0, dtype=numpy.float64, copy=True)\n",
    "    v1 = numpy.array(v1, dtype=numpy.float64, copy=True)\n",
    "\n",
    "    ndims = v0.shape[0]\n",
    "    if ndims < 2 or v0.shape[1] < ndims or v0.shape != v1.shape:\n",
    "        raise ValueError(\"input arrays are of wrong shape or type\")\n",
    "\n",
    "    # move centroids to origin\n",
    "    t0 = -numpy.mean(v0, axis=1)\n",
    "    M0 = numpy.identity(ndims+1)\n",
    "    M0[:ndims, ndims] = t0\n",
    "    v0 += t0.reshape(ndims, 1)\n",
    "    t1 = -numpy.mean(v1, axis=1)\n",
    "    M1 = numpy.identity(ndims+1)\n",
    "    M1[:ndims, ndims] = t1\n",
    "    v1 += t1.reshape(ndims, 1)\n",
    "\n",
    "    if shear:\n",
    "        # Affine transformation\n",
    "        A = numpy.concatenate((v0, v1), axis=0)\n",
    "        u, s, vh = numpy.linalg.svd(A.T)\n",
    "        vh = vh[:ndims].T\n",
    "        B = vh[:ndims]\n",
    "        C = vh[ndims:2*ndims]\n",
    "        t = numpy.dot(C, numpy.linalg.pinv(B))\n",
    "        t = numpy.concatenate((t, numpy.zeros((ndims, 1))), axis=1)\n",
    "        M = numpy.vstack((t, ((0.0,)*ndims) + (1.0,)))\n",
    "    elif usesvd or ndims != 3:\n",
    "        # Rigid transformation via SVD of covariance matrix\n",
    "        u, s, vh = numpy.linalg.svd(numpy.dot(v1, v0.T))\n",
    "        # rotation matrix from SVD orthonormal bases\n",
    "        R = numpy.dot(u, vh)\n",
    "        if numpy.linalg.det(R) < 0.0:\n",
    "            # R does not constitute right handed system\n",
    "            R -= numpy.outer(u[:, ndims-1], vh[ndims-1, :]*2.0)\n",
    "            s[-1] *= -1.0\n",
    "        # homogeneous transformation matrix\n",
    "        M = numpy.identity(ndims+1)\n",
    "        M[:ndims, :ndims] = R\n",
    "    else:\n",
    "        # Rigid transformation matrix via quaternion\n",
    "        # compute symmetric matrix N\n",
    "        xx, yy, zz = numpy.sum(v0 * v1, axis=1)\n",
    "        xy, yz, zx = numpy.sum(v0 * numpy.roll(v1, -1, axis=0), axis=1)\n",
    "        xz, yx, zy = numpy.sum(v0 * numpy.roll(v1, -2, axis=0), axis=1)\n",
    "        N = [[xx+yy+zz, 0.0,      0.0,      0.0],\n",
    "             [yz-zy,    xx-yy-zz, 0.0,      0.0],\n",
    "             [zx-xz,    xy+yx,    yy-xx-zz, 0.0],\n",
    "             [xy-yx,    zx+xz,    yz+zy,    zz-xx-yy]]\n",
    "        # quaternion: eigenvector corresponding to most positive eigenvalue\n",
    "        w, V = numpy.linalg.eigh(N)\n",
    "        q = V[:, numpy.argmax(w)]\n",
    "        q /= vector_norm(q)  # unit quaternion\n",
    "        # homogeneous transformation matrix\n",
    "        M = quaternion_matrix(q)\n",
    "\n",
    "    if scale and not shear:\n",
    "        # Affine transformation; scale is ratio of RMS deviations from centroid\n",
    "        v0 *= v0\n",
    "        v1 *= v1\n",
    "        M[:ndims, :ndims] *= math.sqrt(numpy.sum(v1) / numpy.sum(v0))\n",
    "\n",
    "    # move centroids back\n",
    "    M = numpy.dot(numpy.linalg.inv(M1), numpy.dot(M, M0))\n",
    "    M /= M[ndims, ndims]\n",
    "    return M\n",
    "\n",
    "def superimposition_matrix(v0, v1, scale=False, usesvd=True):\n",
    "    # Return matrix to transform given 3D point set into second point set.\n",
    "    v0 = numpy.array(v0, dtype=numpy.float64, copy=False)[:3]\n",
    "    v1 = numpy.array(v1, dtype=numpy.float64, copy=False)[:3]\n",
    "    return affine_matrix_from_points(v0, v1, shear=False,\n",
    "                                     scale=scale, usesvd=usesvd)\n",
    "\n",
    "def align_reconstruction_naive_similarity(X, Xp):\n",
    "    \"\"\"Align with GPS and GCP data using direct 3D-3D matches.\"\"\"\n",
    "    # Compute similarity Xp = s A X + b\n",
    "    T = superimposition_matrix(X.T, Xp.T, scale=True)\n",
    "    A, b = T[:3, :3], T[:3, 3]\n",
    "    s = np.linalg.det(A)**(1. / 3)\n",
    "    A /= s\n",
    "    return s, A, b\n"
   ]
  },
  {
   "cell_type": "code",
   "execution_count": 47,
   "metadata": {},
   "outputs": [],
   "source": [
    "with open(r\"./s1recon/sfm-data.json\",\"r\") as f:\n",
    "    data = {}\n",
    "    cc = json.loads(f.read())    \n",
    "    for i in cc['extrinsics']:\n",
    "        filename=cc['views'][i['key']]['value']['ptr_wrapper']['data']['filename']\n",
    "        data[filename] = i['value']\n",
    "\n",
    "        # scene3_siping_zhonghe_training\n",
    "        # scene4_jiading_zhixin_training\\jiading_zhixin_training_coordinates.csv\n",
    "        # D:\\SmartCity\\scene5_jiading_rainbow_training\\jiading_rainbow__training_coordinates.csv\n",
    "        # D:\\SmartCity\\scene6_jiading_bolou_training\\jiading_bolou_training_coordinates.csv\n",
    "        # D:\\SmartCity\\scene7_jiading_riverside_training\\jiading_riverside_training_coordinates\n",
    "        # D:\\SmartCity\\scene8_jiading_hualou_training\\jiading_hualou_training_coordinates\n",
    "csv_file = csv.reader(open('./scene1_jiading_lib_training_coordinates.csv','r',encoding='utf-8'))\n",
    "\n",
    "csv_data=[]\n",
    "for stu in csv_file:\n",
    "    csv_data.append(stu)\n",
    "\n",
    "csv_data = csv_data[1:]\n",
    "\n",
    "data_train={}\n",
    "for i in csv_data:\n",
    "    if (i[0]+'_pano.jpg') in data:\n",
    "        data_train[i[0]+'.jpg'] = data[i[0]+'_pano.jpg']"
   ]
  },
  {
   "cell_type": "code",
   "execution_count": 48,
   "metadata": {},
   "outputs": [],
   "source": [
    "aa=[]\n",
    "bb=[]\n",
    "name=[]\n",
    "for i in range(len(csv_data)):\n",
    "    if (csv_data[i][0]+'.jpg') in data_train:\n",
    "        a=np.array(csv_data[i][1:],dtype=np.float)\n",
    "        b=np.array(data_train[csv_data[i][0]+'.jpg']['center'],dtype=np.float)\n",
    "        aa.append(a)\n",
    "        bb.append(b)\n",
    "        name.append(csv_data[i][0])\n",
    "\n",
    "aa=np.array(aa)\n",
    "bb=np.array(bb)\n",
    "\n",
    "# s, A, b=align_reconstruction_naive_similarity(bb, aa)\n",
    "# new_b=s*A.dot(bb.T).T+b\n",
    "\n",
    "s, A, b=align_reconstruction_naive_similarity(aa, bb)\n",
    "new_a=s*A.dot(aa.T).T+b\n"
   ]
  },
  {
   "cell_type": "code",
   "execution_count": 49,
   "metadata": {},
   "outputs": [],
   "source": [
    "import copy"
   ]
  },
  {
   "cell_type": "code",
   "execution_count": 50,
   "metadata": {
    "scrolled": true
   },
   "outputs": [
    {
     "data": {
      "text/plain": [
       "{'control_points': [],\n",
       " 'extrinsics': [{'key': 0,\n",
       "   'value': {'center': [-0.10646129896333095,\n",
       "     0.042256723018426715,\n",
       "     0.40604583034421604],\n",
       "    'rotation': [[0.8381960605856844,\n",
       "      -0.0014877733796039069,\n",
       "      -0.5453669870362622],\n",
       "     [-0.027320119325113593, 0.9986262068594504, -0.04471364504899879],\n",
       "     [0.5446842893811984, 0.05237829229630574, 0.8370039064409566]]}},\n",
       "  {'key': 1,\n",
       "   'value': {'center': [-0.10646983237491436,\n",
       "     0.04225689765933745,\n",
       "     0.40605591304292776],\n",
       "    'rotation': [[0.9169697240781643,\n",
       "      0.0008469100946722555,\n",
       "      -0.3989558971456704],\n",
       "     [-0.021462359246080188, 0.9986544033329707, -0.04720963714391708],\n",
       "     [0.3983790811019166, 0.0518523427335705, 0.915754029362379]]}},\n",
       "  {'key': 2,\n",
       "   'value': {'center': [-0.10647587154917101,\n",
       "     0.042255859768841206,\n",
       "     0.4060366947329606],\n",
       "    'rotation': [[0.9654012970208704,\n",
       "      0.011531018777691242,\n",
       "      -0.2605136681949138],\n",
       "     [-0.023418556444764996, 0.9988188484909114, -0.04257322061264685],\n",
       "     [0.25971504947627594, 0.04720109644106029, 0.9645310516361292]]}},\n",
       "  {'key': 3,\n",
       "   'value': {'center': [-0.10648246470725388,\n",
       "     0.04225623423963499,\n",
       "     0.40604852295571],\n",
       "    'rotation': [[0.9754574069493851,\n",
       "      0.008972205810093604,\n",
       "      -0.22000533345917556],\n",
       "     [-0.01984057579089909, 0.9986864690537647, -0.047240745984895346],\n",
       "     [0.21929249594974126, 0.05044636807367939, 0.9743541271880094]]}},\n",
       "  {'key': 4,\n",
       "   'value': {'center': [-0.1064962697887805,\n",
       "     0.04225618963959618,\n",
       "     0.4060547850830017],\n",
       "    'rotation': [[0.980796614901449,\n",
       "      0.016303221115247804,\n",
       "      -0.19435072724105276],\n",
       "     [-0.02518344929253205, 0.9987442833071143, -0.04330878020781702],\n",
       "     [0.19340060516862198, 0.04737152670777958, 0.9799755835620523]]}},\n",
       "  {'key': 5,\n",
       "   'value': {'center': [-0.10649814132830918,\n",
       "     0.04225544830929882,\n",
       "     0.40604069824182765],\n",
       "    'rotation': [[0.9833762393128167,\n",
       "      0.012769432611156026,\n",
       "      -0.181130101158728],\n",
       "     [-0.02177640531122184, 0.9986183075252156, -0.04782534942052412],\n",
       "     [0.18026913248446966, 0.05097467475387148, 0.9822955881032113]]}},\n",
       "  {'key': 6,\n",
       "   'value': {'center': [-0.10649827622830745,\n",
       "     0.04225495242463739,\n",
       "     0.4060304568003699],\n",
       "    'rotation': [[0.9952610337710112,\n",
       "      0.018834474778515138,\n",
       "      -0.09539778412979895],\n",
       "     [-0.022953535461123005, 0.9988426908910115, -0.042265991807103664],\n",
       "     [0.0944913216485684, 0.04425541112023096, 0.994541526895527]]}},\n",
       "  {'key': 7,\n",
       "   'value': {'center': [-0.10650554957373365,\n",
       "     0.04225517973898111,\n",
       "     0.40603894667483326],\n",
       "    'rotation': [[0.987370591414073,\n",
       "      0.015740196079535914,\n",
       "      -0.15764378020715403],\n",
       "     [-0.02283744793665655, 0.9988005854730332, -0.04331098510154869],\n",
       "     [0.15677297656919137, 0.046364174597460846, 0.9865457906917103]]}},\n",
       "  {'key': 8,\n",
       "   'value': {'center': [-0.1065204739885515,\n",
       "     0.04225544873682846,\n",
       "     0.4060538779235279],\n",
       "    'rotation': [[0.9987163846731977,\n",
       "      0.024866364807944373,\n",
       "      -0.044127620449506674],\n",
       "     [-0.026841352916789914, 0.9986378719328856, -0.04474307225654005],\n",
       "     [0.04295491542179809, 0.04587008439708669, 0.9980234519281149]]}},\n",
       "  {'key': 9,\n",
       "   'value': {'center': [-0.1065363161071661,\n",
       "     0.042255796955698706,\n",
       "     0.4060702904197412],\n",
       "    'rotation': [[0.9923394051725973,\n",
       "      0.029624256439742012,\n",
       "      0.11993710173290091],\n",
       "     [-0.02422275300872628, 0.9986363317561143, -0.04624646076588249],\n",
       "     [-0.12114356432916303, 0.04298697857589517, 0.9917037644854141]]}},\n",
       "  {'key': 10,\n",
       "   'value': {'center': [-0.10655559848496954,\n",
       "     0.0422563749343683,\n",
       "     0.4060929153965164],\n",
       "    'rotation': [[0.8879247318762548,\n",
       "      0.042959862899133575,\n",
       "      0.4579782971955863],\n",
       "     [-0.02681166640639088, 0.9987701300353474, -0.041705657813870325],\n",
       "     [-0.4592067127852048, 0.024752323706328645, 0.8879845254305638]]}},\n",
       "  {'key': 11,\n",
       "   'value': {'center': [-0.10656980336917488,\n",
       "     0.042256641262861806,\n",
       "     0.4061063303928085],\n",
       "    'rotation': [[0.8240286307449523, 0.04461477711352088, 0.5647887546470007],\n",
       "     [-0.023656074223492057, 0.9987346246604357, -0.044379495904202426],\n",
       "     [-0.5660540662029836, 0.02320929054256805, 0.8240413357153747]]}},\n",
       "  {'key': 12,\n",
       "   'value': {'center': [-0.10658310972150795,\n",
       "     0.0422570448013841,\n",
       "     0.4061215266081293],\n",
       "    'rotation': [[0.7965376471687123, 0.04667227102837852, 0.6027847673589518],\n",
       "     [-0.02501153637996523, 0.9987061662713624, -0.044276590874541076],\n",
       "     [-0.6040713531453431, 0.02019139838177133, 0.7966744050994377]]}},\n",
       "  {'key': 13,\n",
       "   'value': {'center': [-0.1065895086178304,\n",
       "     0.04225739831266985,\n",
       "     0.4061329802324442],\n",
       "    'rotation': [[0.7111623785550096, 0.04935231183092774, 0.70129339127424],\n",
       "     [-0.027932117306393653, 0.9987288274179831, -0.04195862375105418],\n",
       "     [-0.702472681426661, 0.010250785396423722, 0.7116368830014317]]}},\n",
       "  {'key': 14,\n",
       "   'value': {'center': [-0.10653724675922296,\n",
       "     0.04225815331502408,\n",
       "     0.4060895607427865],\n",
       "    'rotation': [[0.5863183941001037, 0.08938541017174137, 0.8051341435986336],\n",
       "     [-0.07371930213762046, 0.9956571738628817, -0.05685293860233977],\n",
       "     [-0.8067194092323661, -0.026020003532066308, 0.5903615453126783]]}},\n",
       "  {'key': 15,\n",
       "   'value': {'center': [-0.10672849003229634,\n",
       "     0.042250531679775334,\n",
       "     0.40606430408881883],\n",
       "    'rotation': [[-0.29818835719899217,\n",
       "      0.026965881204238134,\n",
       "      0.954126063411877],\n",
       "     [-0.034612600454525196, 0.9986379486923566, -0.039041200305542784],\n",
       "     [-0.9538792751290605, -0.04466641559831086, -0.2968488500851188]]}},\n",
       "  {'key': 16,\n",
       "   'value': {'center': [-0.10674465838950453,\n",
       "     0.04224942301896771,\n",
       "     0.4060489666308844],\n",
       "    'rotation': [[-0.680563637974316,\n",
       "      0.007422038473498854,\n",
       "      0.7326513823177174],\n",
       "     [-0.03697025338728298, 0.9983270642780429, -0.04445529321087687],\n",
       "     [-0.7317556525450584, -0.05734096332363842, -0.6791507041102681]]}},\n",
       "  {'key': 17,\n",
       "   'value': {'center': [-0.10675959229081466,\n",
       "     0.042248379308385965,\n",
       "     0.4060351978861957],\n",
       "    'rotation': [[-0.7096691200638469,\n",
       "      0.0063288004388443175,\n",
       "      0.7045066971383669],\n",
       "     [-0.03565447978021585, 0.9983557278225481, -0.04488428227690161],\n",
       "     [-0.7036323600428049, -0.056971808896292636, -0.7082765807872493]]}},\n",
       "  {'key': 18,\n",
       "   'value': {'center': [-0.10677539463404315,\n",
       "     0.042247978911448,\n",
       "     0.40603469028822703],\n",
       "    'rotation': [[-0.8836081426029991,\n",
       "      -0.008851081217213662,\n",
       "      0.46814347019579816],\n",
       "     [-0.03493603470335304, 0.9982806281764434, -0.047066558051888197],\n",
       "     [-0.4669219675758295, -0.057943470459853694, -0.8823981133401091]]}},\n",
       "  {'key': 19,\n",
       "   'value': {'center': [-0.10677077717600797,\n",
       "     0.042249741389525246,\n",
       "     0.4060686447171289],\n",
       "    'rotation': [[-0.8417707718698362,\n",
       "      -0.0028403842486580677,\n",
       "      0.539827657538015],\n",
       "     [-0.03540470148291612, 0.998123696253366, -0.04995592147507917],\n",
       "     [-0.5386728828691547, -0.06116387164690161, -0.8402919171731902]]}},\n",
       "  {'key': 20,\n",
       "   'value': {'center': [-0.10676142206927314,\n",
       "     0.042248756688795,\n",
       "     0.4060440460043864],\n",
       "    'rotation': [[-0.9177465803969145,\n",
       "      -0.013727277329328462,\n",
       "      0.39692918263450155],\n",
       "     [-0.035738722891499985, 0.9982024427966945, -0.04811056932522908],\n",
       "     [-0.39555525259545515, -0.058339052544901716, -0.9165874737810401]]}},\n",
       "  {'key': 21,\n",
       "   'value': {'center': [-0.10671481032654204,\n",
       "     0.042249016357680906,\n",
       "     0.40602478260170544],\n",
       "    'rotation': [[-0.8843233461086942,\n",
       "      -0.008662909772898448,\n",
       "      0.46679457314903433],\n",
       "     [-0.033832757612577945, 0.998388224739596, -0.04556640444062101],\n",
       "     [-0.4656474675539974, -0.05608838289329011, -0.8831911057438048]]}},\n",
       "  {'key': 22,\n",
       "   'value': {'center': [-0.10672247662697168,\n",
       "     0.04224811048014973,\n",
       "     0.4060088724480483],\n",
       "    'rotation': [[-0.8334648061907355,\n",
       "      -0.0029650922687618833,\n",
       "      0.5525645890475407],\n",
       "     [-0.035314752870482614, 0.9982271439941125, -0.047910721378976395],\n",
       "     [-0.5514429118876555, -0.05944558201578057, -0.832091904604094]]}},\n",
       "  {'key': 23,\n",
       "   'value': {'center': [-0.10672879657553619,\n",
       "     0.042247343971219736,\n",
       "     0.405995522256957],\n",
       "    'rotation': [[-0.9016905865322296,\n",
       "      -0.011744657238106278,\n",
       "      0.43222233767532564],\n",
       "     [-0.03604375221475288, 0.9981934358439225, -0.04806987169098011],\n",
       "     [-0.4308769361261349, -0.05892306564041956, -0.900484946154065]]}},\n",
       "  {'key': 24,\n",
       "   'value': {'center': [-0.10673748574330551,\n",
       "     0.04224637910800221,\n",
       "     0.4059811243766956],\n",
       "    'rotation': [[-0.933093414089806,\n",
       "      -0.016804073835638977,\n",
       "      0.3592412889476323],\n",
       "     [-0.03685153271849442, 0.9981172550083568, -0.04902968275320935],\n",
       "     [-0.3577410308009519, -0.05898786618541997, -0.9319558930144513]]}},\n",
       "  {'key': 25,\n",
       "   'value': {'center': [-0.1067109416432819,\n",
       "     0.04224623857007622,\n",
       "     0.4059637448205965],\n",
       "    'rotation': [[-0.9518876708673387,\n",
       "      -0.05172693246910451,\n",
       "      -0.30204997352770896],\n",
       "     [-0.036197513382135046, 0.9977297196062069, -0.05679037453186664],\n",
       "     [0.3043018272631683, -0.043124599381979586, -0.9515990052813426]]}},\n",
       "  {'key': 26,\n",
       "   'value': {'center': [-0.10669525233732435,\n",
       "     0.042246394345944724,\n",
       "     0.4059584531443898],\n",
       "    'rotation': [[-0.6051939621552624,\n",
       "      0.010133432487416267,\n",
       "      0.7960135562393632],\n",
       "     [-0.03430514037551113, 0.9986581644360029, -0.03879468970272324],\n",
       "     [-0.79533856030915, -0.050785668759376214, -0.6040342625497593]]}},\n",
       "  {'key': 27,\n",
       "   'value': {'center': [-0.1066898524281697,\n",
       "     0.04224699708588492,\n",
       "     0.40596808984680827],\n",
       "    'rotation': [[-0.6565934328772551,\n",
       "      0.004058272198822523,\n",
       "      0.754233779626199],\n",
       "     [-0.03521840076022393, 0.9987298377637878, -0.03603297667707596],\n",
       "     [-0.7534220119895315, -0.05022192337096126, -0.6556165268375772]]}},\n",
       "  {'key': 28,\n",
       "   'value': {'center': [-0.10668336561702327,\n",
       "     0.04224757032651834,\n",
       "     0.4059775503841969],\n",
       "    'rotation': [[-0.5760448886982305,\n",
       "      0.009024948114173563,\n",
       "      0.8173682380152656],\n",
       "     [-0.03643356924054941, 0.9986618301740428, -0.036703460134228504],\n",
       "     [-0.81660570732578, -0.050922482902616646, -0.5749452317377676]]}},\n",
       "  {'key': 29,\n",
       "   'value': {'center': [-0.10667452556888964,\n",
       "     0.04224820690051562,\n",
       "     0.40598684480075686],\n",
       "    'rotation': [[-0.47273758575271524,\n",
       "      0.021609095313375095,\n",
       "      0.880938262318326],\n",
       "     [-0.03036142067120402, 0.9987063129731295, -0.040790741136237076],\n",
       "     [-0.8806800549300071, -0.04602985365341485, -0.4714699284377794]]}},\n",
       "  {'key': 30,\n",
       "   'value': {'center': [-0.10666327441692726,\n",
       "     0.04224903005912631,\n",
       "     0.4059983862155957],\n",
       "    'rotation': [[-0.015055179649005926,\n",
       "      0.03953965487212634,\n",
       "      0.9991045777386516],\n",
       "     [-0.029886179557310513, 0.9987535867004579, -0.039976109420989836],\n",
       "     [-0.999439922074961, -0.030461266315829568, -0.013854725447721955]]}},\n",
       "  {'key': 31,\n",
       "   'value': {'center': [-0.10665335402570006,\n",
       "     0.042249746620875425,\n",
       "     0.4060075087793775],\n",
       "    'rotation': [[0.23933551408192455,\n",
       "      0.043602619836059016,\n",
       "      0.9699573821785022],\n",
       "     [-0.024904913098663863, 0.9989381344220103, -0.038760145781736824],\n",
       "     [-0.9706174617235613, -0.014880024896000765, 0.24016729139582163]]}},\n",
       "  {'key': 32,\n",
       "   'value': {'center': [-0.10662560640840682,\n",
       "     0.04225143444034299,\n",
       "     0.4060284491938716],\n",
       "    'rotation': [[0.42744451801384803,\n",
       "      0.04390585545389025,\n",
       "      0.9029747836328383],\n",
       "     [-0.02605469381525558, 0.9990033566423859, -0.03624150034752016],\n",
       "     [-0.9036660538883279, -0.008035500862305802, 0.4281624618947689]]}},\n",
       "  {'key': 33,\n",
       "   'value': {'center': [-0.10660404254900775,\n",
       "     0.04225264543391665,\n",
       "     0.4060403918273007],\n",
       "    'rotation': [[0.8682756647985623,\n",
       "      0.03671184862179177,\n",
       "      0.49472175016809733],\n",
       "     [-0.02034944440987367, 0.9990543773997099, -0.03842201336066889],\n",
       "     [-0.49566447323852464, 0.023293586440232918, 0.8682016694293598]]}},\n",
       "  {'key': 34,\n",
       "   'value': {'center': [-0.10659015219340842,\n",
       "     0.04225337624211454,\n",
       "     0.4060483842711593],\n",
       "    'rotation': [[0.9841229691289628,\n",
       "      0.026442626723857644,\n",
       "      0.17550717684680953],\n",
       "     [-0.019397065170966454, 0.9989402403594444, -0.04173907106499659],\n",
       "     [-0.17642487210013166, 0.037672054397899314, 0.9835929446787903]]}},\n",
       "  {'key': 35,\n",
       "   'value': {'center': [-0.10657762081982722,\n",
       "     0.042254216104654324,\n",
       "     0.4060596937962939],\n",
       "    'rotation': [[0.9643673829351901, 0.03115270078485046, 0.2627262072282512],\n",
       "     [-0.020757090869287127, 0.9988913422420945, -0.04225197714226963],\n",
       "     [-0.26375119698188393, 0.03529299686334806, 0.9639448689956429]]}},\n",
       "  {'key': 37,\n",
       "   'value': {'center': [-0.10654236316548271,\n",
       "     0.04225742530557426,\n",
       "     0.4061069907665385],\n",
       "    'rotation': [[0.9818124099228966,\n",
       "      0.007329080059514859,\n",
       "      -0.18971208793030314],\n",
       "     [-0.017339358366195753, 0.998539948787588, -0.051159723677222706],\n",
       "     [0.18906014485565825, 0.053518737473546275, 0.9805059950690741]]}},\n",
       "  {'key': 38,\n",
       "   'value': {'center': [-0.10653812763966167,\n",
       "     0.04225554723247917,\n",
       "     0.40606538282402227],\n",
       "    'rotation': [[0.9968801349995488,\n",
       "      0.02694155557478351,\n",
       "      0.07418995232841312],\n",
       "     [-0.023124460983029296, 0.9983877791210379, -0.05183726271714057],\n",
       "     [-0.07546691823259856, 0.04995993479751897, 0.9958959529827912]]}},\n",
       "  {'key': 39,\n",
       "   'value': {'center': [-0.10655451550250508,\n",
       "     0.04225448578919504,\n",
       "     0.4060522223795374],\n",
       "    'rotation': [[0.9907932297823211,\n",
       "      0.026296876414789495,\n",
       "      0.1328053090367321],\n",
       "     [-0.01974497114822701, 0.9985332541401565, -0.05041305873110028],\n",
       "     [-0.13393622337468053, 0.047326680288131036, 0.9898592189806754]]}},\n",
       "  {'key': 40,\n",
       "   'value': {'center': [-0.10657107735985061,\n",
       "     0.04225350544602408,\n",
       "     0.4060409079538967],\n",
       "    'rotation': [[0.9962117981012909,\n",
       "      0.018496938226335198,\n",
       "      -0.08497009238575635],\n",
       "     [-0.023042921810905517, 0.9983373287923789, -0.05283561009502965],\n",
       "     [0.08385151804355916, 0.054593417331658615, 0.994981648929186]]}},\n",
       "  {'key': 41,\n",
       "   'value': {'center': [-0.10654749985227555,\n",
       "     0.042244073978245734,\n",
       "     0.40614662725411316],\n",
       "    'rotation': [[0.9919621754864226,\n",
       "      0.018760691590199958,\n",
       "      -0.12513624117457403],\n",
       "     [-0.02908126323065806, 0.9962763304422357, -0.08116497723441032],\n",
       "     [0.12314756405691885, 0.08415170736004451, 0.9888140207416339]]}},\n",
       "  {'key': 42,\n",
       "   'value': {'center': [-0.10660614061081157,\n",
       "     0.04225157238278639,\n",
       "     0.4060185930025195],\n",
       "    'rotation': [[0.9445556325159117, 0.03562117412023799, 0.3264135245922901],\n",
       "     [-0.019776497543993313, 0.9984650923346693, -0.051733446956614325],\n",
       "     [-0.3277553160932074, 0.042409802444907586, 0.9438102888977348]]}},\n",
       "  {'key': 43,\n",
       "   'value': {'center': [-0.10662114603272677,\n",
       "     0.04225082327163163,\n",
       "     0.40601033194797653],\n",
       "    'rotation': [[0.7553336833236965, 0.05145419407871701, 0.6533172986752819],\n",
       "     [-0.01936669009978726, 0.998230097921831, -0.056228132794450915],\n",
       "     [-0.6550541642881423, 0.029818408989772206, 0.7549933140989278]]}},\n",
       "  {'key': 44,\n",
       "   'value': {'center': [-0.10662991034914523,\n",
       "     0.04225039050700681,\n",
       "     0.406006584348686],\n",
       "    'rotation': [[0.574414551898931, 0.055692317827245985, 0.8166677955581322],\n",
       "     [-0.01849507072522436, 0.998311151973678, -0.055070647389121846],\n",
       "     [-0.8183555797607903, 0.016529052604945735, 0.5744744863737324]]}},\n",
       "  {'key': 45,\n",
       "   'value': {'center': [-0.10663977887405385,\n",
       "     0.04224994297476663,\n",
       "     0.40600302365070007],\n",
       "    'rotation': [[0.32827610491882125,\n",
       "      0.057618007344375596,\n",
       "      0.9428228699861871],\n",
       "     [-0.015563250329854481, 0.9983322982883389, -0.05559143309443858],\n",
       "     [-0.9444535902724376, 0.003575950780790673, 0.3286253617685586]]}},\n",
       "  {'key': 46,\n",
       "   'value': {'center': [-0.10664888030304662,\n",
       "     0.04224942617161056,\n",
       "     0.40599694321352875],\n",
       "    'rotation': [[0.057084499253501675,\n",
       "      0.0510115669663979,\n",
       "      0.9970652837104548],\n",
       "     [-0.01485783584121943, 0.9986266103365656, -0.05024079857861233],\n",
       "     [-0.9982587864171757, -0.011946261479392699, 0.057764021480274694]]}},\n",
       "  {'key': 47,\n",
       "   'value': {'center': [-0.10665522734831821,\n",
       "     0.04224891829233209,\n",
       "     0.40599035967265407],\n",
       "    'rotation': [[-0.08792531772880517,\n",
       "      0.043200928640938156,\n",
       "      0.9951898403153286],\n",
       "     [-0.015368160486454382, 0.9988813915122341, -0.04471895944502271],\n",
       "     [-0.9960085130888948, -0.019226165898160057, -0.0871630449175864]]}},\n",
       "  {'key': 48,\n",
       "   'value': {'center': [-0.10666115562078292,\n",
       "     0.042248475860587914,\n",
       "     0.40598366930891644],\n",
       "    'rotation': [[-0.3097880201343476,\n",
       "      0.03627360190263537,\n",
       "      0.9501134713213207],\n",
       "     [-0.017347477844485714, 0.9988900463426011, -0.043792012172441795],\n",
       "     [-0.9506473834149421, -0.03004831314209402, -0.3088149142830355]]}},\n",
       "  {'key': 49,\n",
       "   'value': {'center': [-0.1066676864109264,\n",
       "     0.04224788732932091,\n",
       "     0.4059743850935184],\n",
       "    'rotation': [[-0.5549090554886228,\n",
       "      0.021834858801100667,\n",
       "      0.8316244218863829],\n",
       "     [-0.017926795884620133, 0.9991095234048348, -0.03819411251848848],\n",
       "     [-0.8317178428565999, -0.03610262016668303, -0.5540234929053681]]}},\n",
       "  {'key': 50,\n",
       "   'value': {'center': [-0.10667285192820386,\n",
       "     0.04224733242210848,\n",
       "     0.40596498017881855],\n",
       "    'rotation': [[-0.6661673128647401,\n",
       "      0.015359327988986702,\n",
       "      0.7456441526051809],\n",
       "     [-0.01793315160237961, 0.9991689546143824, -0.03660330870849085],\n",
       "     [-0.7455866906967812, -0.03775567743439047, -0.6653382564359971]]}},\n",
       "  {'key': 51,\n",
       "   'value': {'center': [-0.10667968322362265,\n",
       "     0.042246254081514195,\n",
       "     0.40594562933085826],\n",
       "    'rotation': [[-0.8552750670225561,\n",
       "      0.004806425938307645,\n",
       "      0.5181519641951208],\n",
       "     [-0.017062058662868862, 0.9991535330490091, -0.03743131776824222],\n",
       "     [-0.5178932765384651, -0.04085481202235384, -0.8544690974229969]]}},\n",
       "  {'key': 52,\n",
       "   'value': {'center': [-0.10667623466466844,\n",
       "     0.04224592280218645,\n",
       "     0.4059360089625915],\n",
       "    'rotation': [[-0.8812466900315101,\n",
       "      0.0016191294878133786,\n",
       "      0.47265383710302117],\n",
       "     [-0.018165809796641147, 0.9991392776230784, -0.03729218772431587],\n",
       "     [-0.4723073942496982, -0.04144975670055317, -0.8804587684875]]}},\n",
       "  {'key': 53,\n",
       "   'value': {'center': [-0.10667046513444978,\n",
       "     0.04224651818627569,\n",
       "     0.40594524845461133],\n",
       "    'rotation': [[-0.7744345261743767, 0.01311395484801619, 0.63251813322411],\n",
       "     [-0.011056019955557802, 0.9993519311949886, -0.03425612411802364],\n",
       "     [-0.6325574512183151, -0.0335222583530902, -0.7737876511699432]]}},\n",
       "  {'key': 54,\n",
       "   'value': {'center': [-0.10666351877042418,\n",
       "     0.042246990510739345,\n",
       "     0.40595163896888764],\n",
       "    'rotation': [[-0.6106079208927084,\n",
       "      0.023138830192265755,\n",
       "      0.7915949478618579],\n",
       "     [-0.008400391145065907, 0.9993275758613132, -0.03569074882601211],\n",
       "     [-0.7918885024873729, -0.02844276112625279, -0.6100029581631724]]}},\n",
       "  {'key': 55,\n",
       "   'value': {'center': [-0.10665701925213561,\n",
       "     0.04224744788096682,\n",
       "     0.4059575982868513],\n",
       "    'rotation': [[-0.8003999386650354,\n",
       "      0.010621819226137422,\n",
       "      0.5993722675777841],\n",
       "     [-0.015009526824824215, 0.999174461631128, -0.03775062024180678],\n",
       "     [-0.5992784430375436, -0.03921188825437366, -0.7995797493246213]]}},\n",
       "  {'key': 56,\n",
       "   'value': {'center': [-0.10665034086720684,\n",
       "     0.042247928939485514,\n",
       "     0.4059644552462434],\n",
       "    'rotation': [[-0.6980884292719562,\n",
       "      0.01895995076385993,\n",
       "      0.7157604803170157],\n",
       "     [-0.00931854071937599, 0.999324104207462, -0.03555980242934738],\n",
       "     [-0.7159509129231376, -0.031493729804278434, -0.6974399151665618]]}},\n",
       "  {'key': 57,\n",
       "   'value': {'center': [-0.10664357771379664,\n",
       "     0.04224842440755534,\n",
       "     0.4059711095180623],\n",
       "    'rotation': [[-0.5199980216402249,\n",
       "      0.02701011832808909,\n",
       "      0.8537403065324694],\n",
       "     [-0.00719943130218814, 0.9993258168762282, -0.036001109893767015],\n",
       "     [-0.854137123463895, -0.02486695060840073, -0.5194529902582735]]}},\n",
       "  {'key': 58,\n",
       "   'value': {'center': [-0.10663728478920631,\n",
       "     0.042249042796118005,\n",
       "     0.4059817591766433],\n",
       "    'rotation': [[-0.04938439085967881,\n",
       "      0.044301634394454045,\n",
       "      0.9977968466222965],\n",
       "     [-0.00865268190894393, 0.9989593327242424, -0.0447814990695867],\n",
       "     [-0.9987423656955788, -0.010845125776904864, -0.04894967018971637]]}},\n",
       "  {'key': 59,\n",
       "   'value': {'center': [-0.10662415064515893,\n",
       "     0.042249668014930464,\n",
       "     0.40598896394057427],\n",
       "    'rotation': [[0.6095274556205781, 0.04897801996558586, 0.7912505509666043],\n",
       "     [-0.009850818456382249, 0.9984805830136625, -0.054217033489818926],\n",
       "     [-0.792703754387756, 0.02525230494326055, 0.6090838028339031]]}},\n",
       "  {'key': 60,\n",
       "   'value': {'center': [-0.10660839572875644,\n",
       "     0.042250515924885705,\n",
       "     0.40599713366838985],\n",
       "    'rotation': [[0.9310733491363062,\n",
       "      0.045367915063309824,\n",
       "      0.36200023592659497],\n",
       "     [-0.02176697843749649, 0.9973783419313607, -0.06901189532212064],\n",
       "     [-0.3641821208925607, 0.05637548517802822, 0.9296199156069852]]}},\n",
       "  {'key': 61,\n",
       "   'value': {'center': [-0.10659771240959912,\n",
       "     0.042251304453055055,\n",
       "     0.406007341831631],\n",
       "    'rotation': [[0.960498922589863, 0.043134028555359465, 0.2749204890223675],\n",
       "     [-0.025459754661610663, 0.9973918376787942, -0.06753756750348867],\n",
       "     [-0.2771166191268269, 0.057870352619481494, 0.9590919672749918]]}},\n",
       "  {'key': 62,\n",
       "   'value': {'center': [-0.1065863918688803,\n",
       "     0.04225202332812249,\n",
       "     0.4060161076232316],\n",
       "    'rotation': [[0.9815364359634826,\n",
       "      0.04003994836093588,\n",
       "      0.18703750268691516],\n",
       "     [-0.027680256485397244, 0.9972853662402951, -0.06823270245170668],\n",
       "     [-0.18926179825048378, 0.061795637533842984, 0.9799802400583285]]}},\n",
       "  {'key': 63,\n",
       "   'value': {'center': [-0.1065762687837119,\n",
       "     0.042252715088223584,\n",
       "     0.4060249105507307],\n",
       "    'rotation': [[0.9863794681812513,\n",
       "      0.03464830001743725,\n",
       "      0.16079502497395107],\n",
       "     [-0.02450378259154528, 0.9976071224224996, -0.06464977904530093],\n",
       "     [-0.16265026710453992, 0.05982912833897555, 0.9848681972797275]]}},\n",
       "  {'key': 64,\n",
       "   'value': {'center': [-0.10656659638098856,\n",
       "     0.04225339830163442,\n",
       "     0.40603481309985867],\n",
       "    'rotation': [[0.9875464315189979,\n",
       "      0.03407982080107793,\n",
       "      0.15359235465432405],\n",
       "     [-0.02447981231458183, 0.9976517242590345, -0.06396699048742403],\n",
       "     [-0.15541166102688722, 0.05941046117597275, 0.9860616678077098]]}},\n",
       "  {'key': 65,\n",
       "   'value': {'center': [-0.1065545244689963,\n",
       "     0.0422541532471546,\n",
       "     0.4060430364465557],\n",
       "    'rotation': [[0.9960112720551126,\n",
       "      0.03555265230493271,\n",
       "      0.08183859024470637],\n",
       "     [-0.030068752599292273, 0.9972800857174097, -0.06729265003400095],\n",
       "     [-0.08400842848356908, 0.06456345363718191, 0.9943712306770347]]}},\n",
       "  {'key': 66,\n",
       "   'value': {'center': [-0.10654365068299276,\n",
       "     0.042254792052226875,\n",
       "     0.40605147394632796],\n",
       "    'rotation': [[0.9966193737615946,\n",
